id,key,name,project_type_key,lead,description
10100,PILOT,Midwifery Mentorship Pilot,software,acct_me,Midwifery mentorship pilot programme tracking rollout readiness
