follower_id,following_id
tw_katie_001,tw_002
tw_katie_001,tw_003
tw_katie_001,tw_004
tw_katie_001,tw_005
tw_katie_001,tw_006
tw_katie_001,tw_007
tw_katie_001,tw_008
tw_katie_001,tw_009
tw_katie_001,tw_010
