document_id,envelope_id,name,document_type,page_count,order
doc-2026-01,env-2026-01,Karen Whitfield-Park - Durable POA Draft.pdf,pdf,4,1
doc-2026-02,env-2026-02,Nakamura HVAC - Furnace Estimate 92AFUE.pdf,pdf,2,1
doc-2026-03,env-2026-03,Cedar Hills Garden Club - Year-End Treasurer Report 2026.pdf,pdf,6,1
doc-2026-04,env-2026-04,Beaverton CU - Beneficiary Update Form.pdf,pdf,5,1
doc-2026-05,env-2026-05,Fred Meyer Pharmacy - HIPAA Release for Karen.pdf,pdf,2,1
